[gd_scene load_steps=2 format=3 uid="uid://b2xqdja0jwgf3"]

[ext_resource type="PackedScene" uid="uid://ggs1wdwpylxx" path="res://Scenes/bullets/Light_Bullet.tscn" id="1_qm0lq"]

[node name="Node3D" type="Node3D"]

[node name="CharacterBody3D" parent="." instance=ExtResource("1_qm0lq")]
top_level = false

[node name="CharacterBody3D2" parent="." instance=ExtResource("1_qm0lq")]
transform = Transform3D(0.866025, 0, -0.5, 0, 1, 0, 0.5, 0, 0.866025, 0, 0, 0)
top_level = false

[node name="CharacterBody3D3" parent="." instance=ExtResource("1_qm0lq")]
transform = Transform3D(0.866025, 0, 0.5, 0, 1, 0, -0.5, 0, 0.866025, 0, 0, 0)
top_level = false

[node name="CharacterBody3D4" parent="." instance=ExtResource("1_qm0lq")]
transform = Transform3D(0.991482, -0.12941, 0.0147546, 0.121181, 0.875, -0.468711, 0.0477454, 0.466506, 0.883228, 0, 0, 0)
top_level = false

[node name="CharacterBody3D5" parent="." instance=ExtResource("1_qm0lq")]
transform = Transform3D(0.991481, -0.12941, 0.0147546, 0.101939, 0.841506, 0.530543, -0.0810733, -0.524519, 0.84753, 0, 0, 0)
top_level = false

[node name="CharacterBody3D6" parent="." instance=ExtResource("1_qm0lq")]
transform = Transform3D(0.899185, 0.150188, -0.410987, 0.101939, 0.841506, 0.530543, 0.425529, -0.518952, 0.74136, 0, 0, 0)
top_level = false

[node name="CharacterBody3D7" parent="." instance=ExtResource("1_qm0lq")]
transform = Transform3D(0.818112, -0.374332, 0.436543, 0.101939, 0.841507, 0.530543, -0.565953, -0.389542, 0.726605, 0, 0, 0)
top_level = false

[node name="CharacterBody3D8" parent="." instance=ExtResource("1_qm0lq")]
transform = Transform3D(0.818111, -0.374332, 0.436543, 0.541099, 0.758107, -0.363987, -0.194694, 0.533995, 0.822766, 0, 0, 0)
top_level = false

[node name="CharacterBody3D9" parent="." instance=ExtResource("1_qm0lq")]
transform = Transform3D(0.577666, -0.649619, -0.494265, 0.541099, 0.758107, -0.363987, 0.611158, -0.0571831, 0.78944, 0, 0, 0)
top_level = false

[node name="CharacterBody3D10" parent="." instance=ExtResource("1_qm0lq")]
transform = Transform3D(0.866025, 0, 0.5, 0, 1, 0, -0.5, 0, 0.866025, 0, 0, 0)
top_level = false

[node name="CharacterBody3D11" parent="." instance=ExtResource("1_qm0lq")]
top_level = false

[node name="CharacterBody3D12" parent="." instance=ExtResource("1_qm0lq")]
transform = Transform3D(0.5, 0, 0.866025, 0, 1, 0, -0.866025, 0, 0.5, 0, 0, 0)
top_level = false

[node name="CharacterBody3D13" parent="." instance=ExtResource("1_qm0lq")]
transform = Transform3D(0.882521, 0.121181, 0.454392, 0.121181, 0.875, -0.468711, -0.454392, 0.468711, 0.757521, 0, 0, 0)
top_level = false

[node name="CharacterBody3D14" parent="." instance=ExtResource("1_qm0lq")]
transform = Transform3D(0.818112, -0.374332, 0.436543, 0.101939, 0.841506, 0.530543, -0.565952, -0.389542, 0.726605, 0, 0, 0)
top_level = false

[node name="CharacterBody3D15" parent="." instance=ExtResource("1_qm0lq")]
transform = Transform3D(0.991482, -0.12941, 0.0147546, 0.101939, 0.841507, 0.530543, -0.0810733, -0.524519, 0.84753, 0, 0, 0)
top_level = false

[node name="CharacterBody3D16" parent="." instance=ExtResource("1_qm0lq")]
transform = Transform3D(0.425529, -0.518952, 0.74136, 0.101939, 0.841507, 0.530543, -0.899185, -0.150188, 0.410987, 0, 0, 0)
top_level = false

[node name="CharacterBody3D17" parent="." instance=ExtResource("1_qm0lq")]
transform = Transform3D(0.611158, -0.0571831, 0.78944, 0.541099, 0.758107, -0.363987, -0.577666, 0.649619, 0.494265, 0, 0, 0)
top_level = false

[node name="CharacterBody3D18" parent="." instance=ExtResource("1_qm0lq")]
transform = Transform3D(0.805852, -0.591178, -0.0333259, 0.541099, 0.758107, -0.363987, 0.240446, 0.275287, 0.930808, 0, 0, 0)
top_level = false

[node name="CharacterBody3D19" parent="." instance=ExtResource("1_qm0lq")]
transform = Transform3D(0.866025, 0, -0.5, 0, 1, 0, 0.5, 0, 0.866025, 0, 0, 0)
top_level = false

[node name="CharacterBody3D20" parent="." instance=ExtResource("1_qm0lq")]
transform = Transform3D(0.5, 0, -0.866025, 0, 1, 0, 0.866025, 0, 0.5, 0, 0, 0)
top_level = false

[node name="CharacterBody3D21" parent="." instance=ExtResource("1_qm0lq")]
transform = Transform3D(1, 0, -5.96046e-08, 0, 1, 0, 5.96046e-08, 0, 1, 0, 0, 0)
top_level = false

[node name="CharacterBody3D22" parent="." instance=ExtResource("1_qm0lq")]
transform = Transform3D(0.834775, -0.345325, -0.428836, 0.121181, 0.875, -0.468711, 0.53709, 0.339302, 0.772275, 0, 0, 0)
top_level = false

[node name="CharacterBody3D23" parent="." instance=ExtResource("1_qm0lq")]
transform = Transform3D(0.899185, 0.150188, -0.410987, 0.101939, 0.841506, 0.530543, 0.425529, -0.518952, 0.74136, 0, 0, 0)
top_level = false

[node name="CharacterBody3D24" parent="." instance=ExtResource("1_qm0lq")]
transform = Transform3D(0.565952, 0.389542, -0.726605, 0.101939, 0.841507, 0.530543, 0.818112, -0.374332, 0.436543, 0, 0, 0)
top_level = false

[node name="CharacterBody3D25" parent="." instance=ExtResource("1_qm0lq")]
transform = Transform3D(0.991482, -0.12941, 0.0147545, 0.101939, 0.841507, 0.530543, -0.0810734, -0.524519, 0.84753, 0, 0, 0)
top_level = false

[node name="CharacterBody3D26" parent="." instance=ExtResource("1_qm0lq")]
transform = Transform3D(0.805852, -0.591178, -0.033326, 0.541099, 0.758107, -0.363987, 0.240446, 0.275287, 0.930808, 0, 0, 0)
top_level = false

[node name="CharacterBody3D27" parent="." instance=ExtResource("1_qm0lq")]
transform = Transform3D(0.194694, -0.533995, -0.822766, 0.541099, 0.758107, -0.363987, 0.818111, -0.374332, 0.436543, 0, 0, 0)
top_level = false

[node name="CharacterBody3D28" parent="." instance=ExtResource("1_qm0lq")]
transform = Transform3D(-3.78552e-08, -1, 2.18557e-08, 0.866025, -4.37114e-08, -0.5, 0.5, 0, 0.866025, 0, 0, 0)
top_level = false

[node name="CharacterBody3D29" parent="." instance=ExtResource("1_qm0lq")]
transform = Transform3D(-2.18557e-08, -1, 3.78552e-08, 0.5, -4.37114e-08, -0.866025, 0.866025, 0, 0.5, 0, 0, 0)
top_level = false

[node name="CharacterBody3D30" parent="." instance=ExtResource("1_qm0lq")]
transform = Transform3D(-4.37114e-08, -1, 2.6054e-15, 1, -4.37114e-08, -5.96046e-08, 5.96046e-08, 0, 1, 0, 0, 0)
top_level = false

[node name="CharacterBody3D31" parent="." instance=ExtResource("1_qm0lq")]
transform = Transform3D(-0.121181, -0.875, 0.468711, 0.834775, -0.345325, -0.428836, 0.53709, 0.339301, 0.772275, 0, 0, 0)
top_level = false

[node name="CharacterBody3D32" parent="." instance=ExtResource("1_qm0lq")]
transform = Transform3D(-0.101939, -0.841506, -0.530543, 0.899185, 0.150188, -0.410987, 0.425529, -0.518952, 0.74136, 0, 0, 0)
top_level = false

[node name="CharacterBody3D33" parent="." instance=ExtResource("1_qm0lq")]
transform = Transform3D(-0.101939, -0.841507, -0.530543, 0.565952, 0.389542, -0.726605, 0.818112, -0.374331, 0.436543, 0, 0, 0)
top_level = false

[node name="CharacterBody3D34" parent="." instance=ExtResource("1_qm0lq")]
transform = Transform3D(-0.101939, -0.841507, -0.530543, 0.991482, -0.12941, 0.0147545, -0.0810734, -0.524519, 0.84753, 0, 0, 0)
top_level = false

[node name="CharacterBody3D35" parent="." instance=ExtResource("1_qm0lq")]
transform = Transform3D(-0.541099, -0.758107, 0.363987, 0.805852, -0.591178, -0.033326, 0.240446, 0.275287, 0.930807, 0, 0, 0)
top_level = false

[node name="CharacterBody3D36" parent="." instance=ExtResource("1_qm0lq")]
transform = Transform3D(-0.541099, -0.758107, 0.363987, 0.194694, -0.533995, -0.822766, 0.818111, -0.374332, 0.436543, 0, 0, 0)
top_level = false

[node name="CharacterBody3D37" parent="." instance=ExtResource("1_qm0lq")]
transform = Transform3D(-3.78552e-08, -1, 2.18557e-08, 0.707107, -1.13133e-08, 0.707107, -0.707107, 4.2222e-08, 0.707107, 0, 0, 0)
top_level = false

[node name="CharacterBody3D38" parent="." instance=ExtResource("1_qm0lq")]
transform = Transform3D(-2.18557e-08, -1, 3.78552e-08, 0.965926, -1.13133e-08, 0.258819, -0.258819, 4.2222e-08, 0.965926, 0, 0, 0)
top_level = false

[node name="CharacterBody3D39" parent="." instance=ExtResource("1_qm0lq")]
transform = Transform3D(-4.37114e-08, -1, 2.6054e-15, 0.258819, -1.13133e-08, 0.965926, -0.965926, 4.2222e-08, 0.258819, 0, 0, 0)
top_level = false

[node name="CharacterBody3D40" parent="." instance=ExtResource("1_qm0lq")]
transform = Transform3D(-0.121181, -0.875, 0.468711, 0.734844, 0.238363, 0.63497, -0.667322, 0.421376, 0.614104, 0, 0, 0)
top_level = false

[node name="CharacterBody3D41" parent="." instance=ExtResource("1_qm0lq")]
transform = Transform3D(-0.101939, -0.841506, -0.530543, 0.643756, -0.462397, 0.609727, -0.758411, -0.279385, 0.588861, 0, 0, 0)
top_level = false

[node name="CharacterBody3D42" parent="." instance=ExtResource("1_qm0lq")]
transform = Transform3D(-0.101939, -0.841507, -0.530543, 0.936714, -0.260756, 0.233609, -0.334925, -0.473153, 0.814833, 0, 0, 0)
top_level = false

[node name="CharacterBody3D43" parent="." instance=ExtResource("1_qm0lq")]
transform = Transform3D(-0.101939, -0.841507, -0.530543, 0.178303, -0.54014, 0.82247, -0.978681, -0.0107555, 0.205105, 0, 0, 0)
top_level = false

[node name="CharacterBody3D44" parent="." instance=ExtResource("1_qm0lq")]
transform = Transform3D(-0.541099, -0.758107, 0.363987, 0.440823, 0.112899, 0.890466, -0.716162, 0.642284, 0.273101, 0, 0, 0)
top_level = false

[node name="CharacterBody3D45" parent="." instance=ExtResource("1_qm0lq")]
transform = Transform3D(-0.541099, -0.758107, 0.363987, 0.840625, -0.499785, 0.20872, 0.0236829, 0.418915, 0.907716, 0, 0, 0)
top_level = false
